================================= 
cycle:1 96  ADD    R3, R1, R2

Registers: 
r00:       0       0       0       0       0       0       0       0    
r08:       0       0       0       0       0       0       0       0    
r16:       0       0       0       0       0       0       0       0    
r24:       0       0       0       0       0       0       0       0    
 
data:   
 0 :  -1    -2    -3    0     0     0     0     0   
 
================================= 
cycle:2 100  SUB    R3, R1, R2

Registers: 
r00:       0       0       0       0       0       0       0       0    
r08:       0       0       0       0       0       0       0       0    
r16:       0       0       0       0       0       0       0       0    
r24:       0       0       0       0       0       0       0       0    
 
data:   
 0 :  -1    -2    -3    0     0     0     0     0   
 
================================= 
cycle:3 104  AND    R3, R1, R2

Registers: 
r00:       0       0       0       0       0       0       0       0    
r08:       0       0       0       0       0       0       0       0    
r16:       0       0       0       0       0       0       0       0    
r24:       0       0       0       0       0       0       0       0    
 
data:   
 0 :  -1    -2    -3    0     0     0     0     0   
 
================================= 
cycle:4 108  ORR    R3, R1, R2

Registers: 
r00:       0       0       0       0       0       0       0       0    
r08:       0       0       0       0       0       0       0       0    
r16:       0       0       0       0       0       0       0       0    
r24:       0       0       0       0       0       0       0       0    
 
data:   
 0 :  -1    -2    -3    0     0     0     0     0   
 
================================= 
cycle:5 112  ADDI   R1, R2, #400

Registers: 
r00:       0      400      0       0       0       0       0       0    
r08:       0       0       0       0       0       0       0       0    
r16:       0       0       0       0       0       0       0       0    
r24:       0       0       0       0       0       0       0       0    
 
data:   
 0 :  -1    -2    -3    0     0     0     0     0   
 
================================= 
cycle:6 116  SUBI   R1, R2, #400

Registers: 
r00:       0      -400     0       0       0       0       0       0    
r08:       0       0       0       0       0       0       0       0    
r16:       0       0       0       0       0       0       0       0    
r24:       0       0       0       0       0       0       0       0    
 
data:   
 0 :  -1    -2    -3    0     0     0     0     0   
 
================================= 
cycle:7 120  STUR   R1, [R2, #100]

Registers: 
r00:       0      -400     0       0       0       0       0       0    
r08:       0       0       0       0       0       0       0       0    
r16:       0       0       0       0       0       0       0       0    
r24:       0       0       0       0       0       0       0       0    
 
data:   
 0 :  -1    -2    -3    0     0     0     0     0   
 32:  0     0     0     0     0     0     0     0   
 64:  0     0     0     0     0     0     0     0   
 96:  0     0     0     0     0     0     0     0   
128:  0     0     0     0     0     0     0     0   
160:  0     0     0     0     0     0     0     0   
192:  0     0     0     0     0     0     0     0   
224:  0     0     0     0     0     0     0     0   
256:  0     0     0     0     0     0     0     0   
288:  0     0     0     0     0     0     0     0   
320:  0     0     0     0     0     0     0     0   
352:  0     0     0     0     0     0     0     0   
384:  0     0     0     0    -400   0     0     0   
 
================================= 
cycle:8 124  CBZ    R19, #3

Registers: 
r00:       0      -400     0       0       0       0       0       0    
r08:       0       0       0       0       0       0       0       0    
r16:       0       0       0       0       0       0       0       0    
r24:       0       0       0       0       0       0       0       0    
 
data:   
 0 :  -1    -2    -3    0     0     0     0     0   
 32:  0     0     0     0     0     0     0     0   
 64:  0     0     0     0     0     0     0     0   
 96:  0     0     0     0     0     0     0     0   
128:  0     0     0     0     0     0     0     0   
160:  0     0     0     0     0     0     0     0   
192:  0     0     0     0     0     0     0     0   
224:  0     0     0     0     0     0     0     0   
256:  0     0     0     0     0     0     0     0   
288:  0     0     0     0     0     0     0     0   
320:  0     0     0     0     0     0     0     0   
352:  0     0     0     0     0     0     0     0   
384:  0     0     0     0    -400   0     0     0   
 
================================= 
cycle:9 136  MOVK   R2, 65280 LSL  48

Registers: 
r00:       0      -400  18374686479671623680   0       0       0       0       0    
r08:       0       0       0       0       0       0       0       0    
r16:       0       0       0       0       0       0       0       0    
r24:       0       0       0       0       0       0       0       0    
 
data:   
 0 :  -1    -2    -3    0     0     0     0     0   
 32:  0     0     0     0     0     0     0     0   
 64:  0     0     0     0     0     0     0     0   
 96:  0     0     0     0     0     0     0     0   
128:  0     0     0     0     0     0     0     0   
160:  0     0     0     0     0     0     0     0   
192:  0     0     0     0     0     0     0     0   
224:  0     0     0     0     0     0     0     0   
256:  0     0     0     0     0     0     0     0   
288:  0     0     0     0     0     0     0     0   
320:  0     0     0     0     0     0     0     0   
352:  0     0     0     0     0     0     0     0   
384:  0     0     0     0    -400   0     0     0   
 
================================= 
cycle:10 140  LSR    R0, R1, #4

Registers: 
r00:    1152921504606846951  -400  18374686479671623680   0       0       0       0       0    
r08:       0       0       0       0       0       0       0       0    
r16:       0       0       0       0       0       0       0       0    
r24:       0       0       0       0       0       0       0       0    
 
data:   
 0 :  -1    -2    -3    0     0     0     0     0   
 32:  0     0     0     0     0     0     0     0   
 64:  0     0     0     0     0     0     0     0   
 96:  0     0     0     0     0     0     0     0   
128:  0     0     0     0     0     0     0     0   
160:  0     0     0     0     0     0     0     0   
192:  0     0     0     0     0     0     0     0   
224:  0     0     0     0     0     0     0     0   
256:  0     0     0     0     0     0     0     0   
288:  0     0     0     0     0     0     0     0   
320:  0     0     0     0     0     0     0     0   
352:  0     0     0     0     0     0     0     0   
384:  0     0     0     0    -400   0     0     0   
 
================================= 
cycle:11 144  LSL    R0, R1, #4

Registers: 
r00:     -6400    -400  18374686479671623680   0       0       0       0       0    
r08:       0       0       0       0       0       0       0       0    
r16:       0       0       0       0       0       0       0       0    
r24:       0       0       0       0       0       0       0       0    
 
data:   
 0 :  -1    -2    -3    0     0     0     0     0   
 32:  0     0     0     0     0     0     0     0   
 64:  0     0     0     0     0     0     0     0   
 96:  0     0     0     0     0     0     0     0   
128:  0     0     0     0     0     0     0     0   
160:  0     0     0     0     0     0     0     0   
192:  0     0     0     0     0     0     0     0   
224:  0     0     0     0     0     0     0     0   
256:  0     0     0     0     0     0     0     0   
288:  0     0     0     0     0     0     0     0   
320:  0     0     0     0     0     0     0     0   
352:  0     0     0     0     0     0     0     0   
384:  0     0     0     0    -400   0     0     0   
 
================================= 
cycle:12 148  Break

Registers: 
r00:     -6400    -400  18374686479671623680   0       0       0       0       0    
r08:       0       0       0       0       0       0       0       0    
r16:       0       0       0       0       0       0       0       0    
r24:       0       0       0       0       0       0       0       0    
 
data:   
 0 :  -1    -2    -3    0     0     0     0     0   
 32:  0     0     0     0     0     0     0     0   
 64:  0     0     0     0     0     0     0     0   
 96:  0     0     0     0     0     0     0     0   
128:  0     0     0     0     0     0     0     0   
160:  0     0     0     0     0     0     0     0   
192:  0     0     0     0     0     0     0     0   
224:  0     0     0     0     0     0     0     0   
256:  0     0     0     0     0     0     0     0   
288:  0     0     0     0     0     0     0     0   
320:  0     0     0     0     0     0     0     0   
352:  0     0     0     0     0     0     0     0   
384:  0     0     0     0    -400   0     0     0   
 
